[gd_scene load_steps=3 format=3 uid="uid://cjhb0ajnd1a6b"]

[ext_resource type="PackedScene" uid="uid://buya6075ew0pe" path="res://level_1.tscn" id="2_cfaak"]

[sub_resource type="Environment" id="Environment_sd486"]
ambient_light_source = 2
ambient_light_color = Color(0.60933, 0.60933, 0.60933, 1)
reflected_light_source = 2
tonemap_mode = 3

[node name="main" type="Node3D"]
transform = Transform3D(-0.0017802, 0, 0.999998, 0, 1, 0, -0.999998, 0, -0.0017802, -1.64935, 0, 0)

[node name="WorldEnvironment" type="WorldEnvironment" parent="."]
environment = SubResource("Environment_sd486")

[node name="level1" parent="." instance=ExtResource("2_cfaak")]
transform = Transform3D(1, 0, 0, 0, 1, 0, 0, 0, 1, 0, 0, 0)

[node name="SpotLight3D" type="SpotLight3D" parent="."]
transform = Transform3D(-0.000521439, 0.707106, -0.707108, -0.00125876, 0.707107, 0.707106, 1, 0.00125879, 0.000521364, -124.651, 73, 30.7782)
light_energy = 100.0
spot_range = 230.0
spot_angle = 17.0

[node name="SpotLight3D4" type="SpotLight3D" parent="."]
transform = Transform3D(-0.0193218, -0.706992, 0.706958, -0.00125876, 0.707107, 0.707106, -0.999813, 0.0127727, -0.0145525, 108.525, 73, 31.1933)
light_energy = 100.0
spot_range = 230.0
spot_angle = 17.0

[node name="SpotLight3D5" type="SpotLight3D" parent="."]
transform = Transform3D(-0.0193218, -0.706992, 0.706958, -0.00125876, 0.707107, 0.707106, -0.999813, 0.0127727, -0.0145525, 108.592, 73, -6.61367)
light_energy = 100.0
spot_range = 230.0
spot_angle = 17.0

[node name="SpotLight3D6" type="SpotLight3D" parent="."]
transform = Transform3D(-0.0193218, -0.706992, 0.706958, -0.00125876, 0.707107, 0.707106, -0.999813, 0.0127727, -0.0145525, 108.659, 73, -44.2725)
light_energy = 100.0
spot_range = 230.0
spot_angle = 17.0

[node name="SpotLight3D2" type="SpotLight3D" parent="."]
transform = Transform3D(-0.000521439, 0.707106, -0.707108, -0.00125876, 0.707107, 0.707106, 1, 0.00125879, 0.000521364, -129.064, 73, -7.56054)
light_energy = 100.0
spot_range = 230.0
spot_angle = 17.0

[node name="SpotLight3D3" type="SpotLight3D" parent="."]
transform = Transform3D(-0.000521439, 0.707106, -0.707108, -0.00125876, 0.707107, 0.707106, 1, 0.00125879, 0.000521364, -124.987, 73, -44.7371)
light_energy = 100.0
spot_range = 230.0
spot_angle = 17.0
